Coordinates
version=1
nRows=88
nColumns=28
inDegrees=yes

Units are S.I. units (second, meters, Newtons, ...)
If the header above contains a line with 'inDegrees', this indicates whether rotational values are in degrees (yes) or radians (no).

endheader
time	pelvis_tilt	pelvis_list	pelvis_rotation	pelvis_tx	pelvis_ty	pelvis_tz	hip_flexion_r	hip_adduction_r	hip_rotation_r	knee_angle_r	knee_varus_med_r	knee_valgus_lat_r	ankle_angle_r	subtalar_angle_r	mtp_angle_r	hip_flexion_l	hip_adduction_l	hip_rotation_l	knee_angle_l	knee_varus_med_l	knee_valgus_lat_l	ankle_angle_l	subtalar_angle_l	mtp_angle_l	lumbar_extension	lumbar_bending	lumbar_rotation
      0.00000000	     -4.19166870	     -3.44748904	    -95.36989730	      1.00180993	      0.92936376	     -1.50603797	     44.05581194	    -25.81281958	     10.22118567	    -91.42197668	      0.00000000	      0.00000000	     -5.54589628	    -23.37719325	     -5.03030470	     52.25706644	    -37.36620305	      6.56433695	    -93.33001594	      0.00000000	      0.00000000	     14.69534092	    -13.64163022	      3.30141706	    -24.03694638	     -0.72680715	     -2.58600568
      0.00500000	     -4.12788792	     -3.42086332	    -95.28898507	      0.99940257	      0.92554529	     -1.48891946	     44.60139307	    -25.97743408	     10.10179010	    -89.41754419	      0.00000000	      0.00000000	     -5.36775582	    -22.32436686	     -4.78968928	     51.70035839	    -37.16371247	      6.36890409	    -92.17281824	      0.00000000	      0.00000000	     14.40721541	    -12.50402997	      3.34648513	    -24.01482509	     -0.56018428	     -2.84354109
      0.01000000	     -4.20915569	     -3.36453624	    -95.36792853	      0.99660723	      0.92162441	     -1.47184754	     45.05628256	    -25.80208035	      9.94847611	    -87.19922206	      0.00000000	      0.00000000	     -5.50737254	    -21.40202534	     -4.64212633	     51.14885373	    -37.17204958	      6.15652743	    -90.96230915	      0.00000000	      0.00000000	     13.92060350	    -11.35699873	      3.41432553	    -23.96163902	     -0.28950656	     -2.94153713
      0.01500000	     -4.11884604	     -3.55725139	    -95.53615314	      0.99385910	      0.91797685	     -1.45456918	     45.23688217	    -25.74571001	      9.97699906	    -84.80852792	      0.00000000	      0.00000000	     -5.23103113	    -19.81973445	     -2.65442288	     49.99098067	    -37.19031059	      5.39605923	    -89.64878014	      0.00000000	      0.00000000	     14.06972721	     -9.58657037	      4.75509256	    -24.15435261	     -0.25713406	     -2.91768106
      0.02000000	     -4.17280262	     -3.57056952	    -95.53121848	      0.99130223	      0.91383025	     -1.43719612	     45.32955121	    -25.71206298	      9.57550265	    -82.24455044	      0.00000000	      0.00000000	     -5.06706930	    -18.48798459	     -2.17900733	     49.27794451	    -37.12254577	      4.94749032	    -88.34604288	      0.00000000	      0.00000000	     14.01583951	     -7.64634445	      5.10542440	    -24.13506100	      0.01491587	     -3.06085748
      0.02500000	     -4.21999206	     -3.52310103	    -95.56016056	      0.98870875	      0.90951033	     -1.41980066	     45.36464908	    -25.56624880	      9.19939372	    -79.51371891	      0.00000000	      0.00000000	     -5.13121197	    -17.23792292	     -1.89962944	     48.55370005	    -36.96791450	      4.45766587	    -86.91297520	      0.00000000	      0.00000000	     13.58481609	     -6.09485275	      5.31823430	    -24.05080934	      0.29099626	     -3.24956654
      0.03000000	     -4.16721671	     -3.74087878	    -95.63506952	      0.98609456	      0.90544024	     -1.40218134	     45.07917511	    -25.55830492	      8.82410948	    -76.65152530	      0.00000000	      0.00000000	     -4.97323116	    -15.72955558	      1.25884766	     47.35655239	    -36.89487435	      3.51607289	    -85.38658892	      0.00000000	      0.00000000	     13.58464252	     -3.88425037	      7.50775048	    -24.22044092	      0.41253688	     -3.32403348
      0.03500000	     -4.13982138	     -3.78863484	    -95.63120630	      0.98357355	      0.90091508	     -1.38461607	     44.83150468	    -25.50205100	      8.33151437	    -73.70516707	      0.00000000	      0.00000000	     -4.97396762	    -14.28879878	      1.53905637	     46.42766896	    -36.66461164	      2.73406019	    -83.81464550	      0.00000000	      0.00000000	     13.42620722	     -1.63204040	      7.70637796	    -24.21464054	      0.60973766	     -3.61597855
      0.04000000	     -4.24823037	     -3.95150929	    -95.55921856	      0.98131664	      0.89646020	     -1.36700189	     44.22031252	    -25.41763344	      7.60971086	    -70.53794993	      0.00000000	      0.00000000	     -5.15276626	    -12.58498734	      1.95393783	     45.46774176	    -36.48661412	      2.04133348	    -82.19860846	      0.00000000	      0.00000000	     13.15659319	      0.79270343	      7.98164042	    -24.34386426	      0.97734750	     -3.81891493
      0.04500000	     -4.17232787	     -3.67269973	    -95.48175093	      0.97868846	      0.89095347	     -1.34909798	     44.11510458	    -25.38001152	      6.99882610	    -67.35744116	      0.00000000	      0.00000000	     -5.87822210	    -11.31997198	      2.06507489	     44.95307465	    -36.13317406	      1.17790276	    -80.46742858	      0.00000000	      0.00000000	     12.31063707	      2.40741064	      8.07476119	    -23.91558883	      1.20500502	     -4.13878915
      0.05000000	     -4.09026404	     -3.92767089	    -95.42608099	      0.97623423	      0.88615810	     -1.33114557	     43.29457559	    -25.36303767	      6.51378771	    -64.02935048	      0.00000000	      0.00000000	     -6.22693956	     -9.05661374	      2.95765483	     43.72234847	    -35.82837067	      0.08752536	    -78.65369899	      0.00000000	      0.00000000	     11.82623429	      5.70866332	      8.81381698	    -24.08437951	      1.32607989	     -4.29444491
      0.05500000	     -4.10490176	     -4.10761790	    -95.37197855	      0.97365974	      0.88117144	     -1.31315234	     42.42585169	    -25.26008140	      5.83551183	    -60.58036321	      0.00000000	      0.00000000	     -7.23038744	     -7.15689159	      3.66562889	     42.63526805	    -35.58079394	     -0.98073435	    -76.71502342	      0.00000000	      0.00000000	     10.75892112	      8.43605586	      9.41375468	    -24.16535884	      1.55468532	     -4.58369745
      0.06000000	     -3.96331566	     -4.13302798	    -95.21960683	      0.97119016	      0.87555266	     -1.29505074	     41.70108504	    -25.30719895	      5.24994959	    -57.11229215	      0.00000000	      0.00000000	     -8.55078402	     -5.25777269	      4.25348991	     41.75216632	    -35.06472829	     -2.08389955	    -74.71453438	      0.00000000	      0.00000000	      9.15350158	     10.95211291	      9.93407967	    -24.03976160	      1.68314480	     -4.91550081
      0.06500000	     -3.86036186	     -4.34400638	    -95.05525790	      0.96875356	      0.87013236	     -1.27679831	     40.60031659	    -25.31221683	      4.68413730	    -53.52116037	      0.00000000	      0.00000000	     -9.74714486	     -3.01623067	      5.07434936	     40.63878248	    -34.58768041	     -3.26461353	    -72.63719210	      0.00000000	      0.00000000	      7.42153651	     13.92287719	     10.64349784	    -24.12311813	      1.83637308	     -5.27163453
      0.07000000	     -3.71476475	     -4.64041210	    -94.85782884	      0.96631923	      0.86469495	     -1.25849886	     39.34157461	    -25.38012230	      4.14157248	    -49.91240000	      0.00000000	      0.00000000	    -11.21647434	     -0.63960502	      6.36571160	     39.44776921	    -34.02906376	     -4.53923673	    -70.45307302	      0.00000000	      0.00000000	      5.09611502	     16.63907232	     11.73570309	    -24.28358014	      1.94429122	     -5.66710953
      0.07500000	     -3.46767669	     -4.62122271	    -94.62126546	      0.96370477	      0.85830247	     -1.24000502	     38.41366995	    -25.45249812	      3.80729451	    -46.41036859	      0.00000000	      0.00000000	    -12.70564131	      1.37042328	      6.98324708	     38.65918416	    -33.35246611	     -5.81809696	    -68.24083891	      0.00000000	      0.00000000	      2.35116779	     19.59475045	     12.31370165	    -24.04005053	      1.95046543	     -6.08848326
      0.08000000	     -3.07039785	     -4.83012637	    -94.41219789	      0.96101436	      0.85218767	     -1.22164624	     37.22053860	    -25.63190086	      3.70098704	    -42.79469750	      0.00000000	      0.00000000	    -14.81341042	      3.04410083	     10.54780334	     37.51316869	    -32.48264273	     -7.30419319	    -65.81442187	      0.00000000	      0.00000000	     -1.02672442	     22.31056038	     16.00790846	    -24.06083745	      1.76064473	     -6.47992765
      0.08500000	     -2.75258815	     -4.63276430	    -94.04371572	      0.95858949	      0.84495989	     -1.20331087	     36.32253256	    -25.74819744	      3.61466502	    -39.29567826	      0.00000000	      0.00000000	    -16.92055473	      4.50860360	     10.42821575	     37.14080163	    -31.50867767	     -8.35567222	    -63.56896254	      0.00000000	      0.00000000	     -4.50645717	     25.01503844	     15.92125024	    -23.62493456	      1.73644380	     -6.99517625
      0.09000000	     -2.25770143	     -5.19509149	    -93.59719011	      0.95618060	      0.83901902	     -1.18468376	     34.50247398	    -26.17830258	      3.48615606	    -35.78917057	      0.00000000	      0.00000000	    -18.91305345	      5.62267294	     11.62313920	     35.93989784	    -30.36481966	     -9.68511494	    -61.62693178	      0.00000000	      0.00000000	     -8.17386905	     26.77689772	     29.78910308	    -24.00640229	      1.45061056	     -7.61314635
      0.09500000	     -2.11599494	     -5.15631157	    -93.40716401	      0.95313618	      0.83141097	     -1.16596349	     33.35529467	    -25.99901164	      3.70979743	    -32.55154657	      0.00000000	      0.00000000	    -21.27225202	      6.11619963	     11.38441449	     35.81235576	    -30.04704049	    -10.64605661	    -61.99692396	      0.00000000	      0.00000000	     -7.16786771	     23.65580134	     29.75625669	    -23.71378539	      1.48748094	     -7.96057298
      0.10000000	     -1.72963609	     -5.15019371	    -92.98141600	      0.94999030	      0.82353429	     -1.14784423	     32.16389197	    -26.07925107	      4.20858260	    -29.51820890	      0.00000000	      0.00000000	    -23.22118561	      5.81336935	     11.09777793	     35.93157561	    -29.44933454	    -10.40057703	    -64.08554911	      0.00000000	      0.00000000	     -3.66748628	     20.74573394	     29.58621003	    -23.49413247	      1.23729045	     -8.44347464
      0.10500000	     -1.64881942	     -5.07928030	    -92.27395152	      0.94692324	      0.81571470	     -1.12997408	     30.87171918	    -26.02949071	      4.22379822	    -27.02626444	      0.00000000	      0.00000000	    -24.26225425	      4.61808015	     10.50111818	     36.87171500	    -29.28234527	     -9.29247349	    -67.76859737	      0.00000000	      0.00000000	     -0.77379667	     16.52599641	     28.56393722	    -23.24453870	      1.35488992	     -8.87248064
      0.11000000	     -1.68927901	     -4.79400125	    -92.23784220	      0.94289291	      0.80718002	     -1.11233490	     30.55956244	    -25.48350279	      5.95750573	    -26.39854170	      0.00000000	      0.00000000	    -22.63570468	      1.63543581	      6.82158770	     37.68961992	    -30.00161777	     -8.84423866	    -71.95492545	      0.00000000	      0.00000000	      3.57756167	     14.59995945	     19.24207318	    -22.79608072	      1.38191441	     -8.92176707
      0.11500000	     -1.36667217	     -4.72359320	    -92.40183470	      0.93787987	      0.79886630	     -1.09465089	     30.04837411	    -25.24529194	      8.53609935	    -27.18310809	      0.00000000	      0.00000000	    -16.53445777	     -0.57052730	      2.51745781	     37.83059344	    -30.71356220	     -9.04729737	    -75.67479474	      0.00000000	      0.00000000	      6.63835621	     13.20603564	     13.64839352	    -22.54149138	      0.80307772	     -8.67102150
      0.12000000	     -0.82585861	     -4.62281818	    -92.69053426	      0.93314664	      0.79071482	     -1.07754228	     30.07035860	    -25.28520252	     11.42066937	    -29.58368217	      0.00000000	      0.00000000	    -10.52180153	     -1.12724500	      1.57086281	     37.86873970	    -31.13542070	     -9.46985026	    -78.60067037	      0.00000000	      0.00000000	      7.31722233	     11.78889946	     13.07484445	    -22.31107930	     -0.06579260	     -8.38381281
      0.12500000	     -0.29294795	     -4.76507905	    -93.11683581	      0.92840380	      0.78304605	     -1.06068641	     30.32645031	    -25.17604675	     14.75422355	    -33.32749367	      0.00000000	      0.00000000	     -2.88147811	     -1.17086928	     -7.73024382	     37.64464136	    -31.64878624	     -9.87039050	    -81.33674401	      0.00000000	      0.00000000	      7.81369026	     10.80774611	      9.72259352	    -22.37055518	     -0.97470267	     -7.86667272
      0.13000000	      0.31495030	     -4.73037312	    -93.30537659	      0.92451418	      0.77512658	     -1.04435627	     31.33274404	    -25.23281567	     17.69866008	    -37.54249582	      0.00000000	      0.00000000	      2.19438451	     -0.44418206	     -8.29518489	     38.04226043	    -31.69886339	     -9.59979489	    -83.90639614	      0.00000000	      0.00000000	      7.12394382	      9.42556334	      9.45592556	    -22.28339682	     -1.86927373	     -7.50121671
      0.13500000	      0.68120422	     -4.82235608	    -93.27381449	      0.92085128	      0.76801052	     -1.02859848	     32.25956212	    -24.67947457	     20.68749492	    -42.15085972	      0.00000000	      0.00000000	      6.31295014	     -0.96639523	    -12.34176460	     38.70179283	    -31.67022810	     -8.72365728	    -86.31641177	      0.00000000	      0.00000000	      5.68710230	      8.02128890	      9.34081563	    -22.41261512	     -2.49873275	     -7.24098443
      0.14000000	      0.60763189	     -5.33846709	    -93.09165015	      0.91854712	      0.76325874	     -1.01331387	     32.35853159	    -23.84863334	     22.43918940	    -46.16323856	      0.00000000	      0.00000000	      8.57165901	     -1.82393417	    -11.98169586	     39.15925838	    -31.75704758	     -7.35648221	    -88.48611888	      0.00000000	      0.00000000	      4.00534440	      6.66318748	      9.17097627	    -23.15144465	     -2.54642052	     -7.04063341
      0.14500000	      0.32742997	     -5.59909524	    -92.98547956	      0.91774767	      0.75937101	     -0.99885195	     32.51288567	    -22.96125368	     23.43766537	    -49.46377862	      0.00000000	      0.00000000	      9.69867647	     -2.89639239	    -11.65267341	     40.00832092	    -31.75068386	     -5.75797185	    -90.53152919	      0.00000000	      0.00000000	      1.48378255	      4.64974930	      8.82100271	    -23.72909839	     -2.26521428	     -6.58649295
      0.15000000	     -0.20446039	     -5.65207106	    -92.71547416	      0.91873922	      0.75636466	     -0.98474337	     32.45279826	    -22.16702268	     23.51588295	    -52.09762793	      0.00000000	      0.00000000	     10.01666734	     -4.25915468	    -11.33221883	     41.28567173	    -31.56664545	     -3.70435072	    -92.50213274	      0.00000000	      0.00000000	     -1.19440441	      2.32772350	      8.33584470	    -24.16055857	     -1.52782655	     -6.21921239
      0.15500000	     -0.63708196	     -5.53909816	    -92.05908869	      0.92095278	      0.75338515	     -0.97060524	     32.38567315	    -22.05702886	     22.69806983	    -54.37256163	      0.00000000	      0.00000000	     10.22450181	     -4.93716089	    -10.87116485	     42.95225482	    -30.84672297	     -1.28341534	    -94.50160607	      0.00000000	      0.00000000	     -3.86076154	     -0.03533219	      7.78252765	    -24.43480385	     -0.74639932	     -6.19189460
      0.16000000	     -0.95714871	     -5.31527915	    -90.93746041	      0.92466263	      0.75009121	     -0.95622666	     32.24584281	    -22.76540622	     20.98327532	    -56.35280144	      0.00000000	      0.00000000	     10.38802653	     -4.59227749	     -9.37217554	     44.96632947	    -29.67454478	      1.34625426	    -96.62112151	      0.00000000	      0.00000000	     -6.19178576	     -1.73067241	      6.72198005	    -24.52355232	      0.13609130	     -6.81721613
      0.16500000	     -0.83184085	     -5.09159876	    -90.32166124	      0.92734534	      0.74666625	     -0.94198979	     32.43684229	    -23.79682681	     19.90859456	    -58.24805022	      0.00000000	      0.00000000	     11.06615877	     -3.40364755	     -8.10849051	     46.43420809	    -28.62143845	      3.08864098	    -98.51746218	      0.00000000	      0.00000000	     -8.74555278	     -1.96768607	      6.16260534	    -24.61617284	      0.23900680	     -6.80914639
      0.17000000	     -0.71121356	     -5.01233343	    -89.69494754	      0.93046501	      0.74377844	     -0.92784281	     32.25756436	    -25.05431038	     18.63820665	    -59.64443594	      0.00000000	      0.00000000	     11.25176767	     -2.23306893	     -2.96224881	     47.69375779	    -27.48534763	      4.82477574	   -100.35492522	      0.00000000	      0.00000000	    -10.75846873	     -0.77432828	      5.96016483	    -24.89151087	      0.34495708	     -6.52493299
      0.17500000	     -0.45566807	     -5.06916393	    -89.05823851	      0.93373334	      0.74131494	     -0.91397136	     31.71721728	    -26.51990202	     17.39287362	    -60.73390961	      0.00000000	      0.00000000	     12.02806239	     -0.66301558	     -2.43835642	     48.66941828	    -26.18165667	      6.45238695	   -101.97572860	      0.00000000	      0.00000000	    -12.17771992	      2.47667365	      6.51195505	    -25.31557275	      0.26274860	     -6.26541332
      0.18000000	     -0.06539270	     -5.05443882	    -88.56065763	      0.93647701	      0.73905741	     -0.90001332	     31.16261180	    -28.03029838	     16.35828878	    -61.55449393	      0.00000000	      0.00000000	     12.79492765	      0.76616165	     -1.42556134	     49.48640580	    -24.94982844	      7.78874302	   -103.33001742	      0.00000000	      0.00000000	    -12.62399827	      7.72779272	      8.34946108	    -25.63199653	     -0.11772297	     -5.60566140
      0.18500000	      0.48550705	     -5.28791086	    -87.50937304	      0.94091030	      0.73793628	     -0.88671861	     29.79179135	    -30.06230984	     14.71496415	    -61.90414256	      0.00000000	      0.00000000	     13.41777603	      2.11262531	     -0.63772792	     50.12353878	    -23.07637259	      9.12787201	   -104.45617372	      0.00000000	      0.00000000	    -12.74617707	     13.73608357	      9.74142706	    -26.26886066	     -0.38351646	     -5.46118870
      0.19000000	      0.56399314	     -5.19438712	    -87.84385641	      0.94178512	      0.73621012	     -0.87289055	     29.35740302	    -30.56206806	     14.52117044	    -62.35202960	      0.00000000	      0.00000000	     13.97523735	      2.85214543	      0.54379140	     50.74516648	    -23.15902629	      9.45892296	   -105.43512702	      0.00000000	      0.00000000	    -12.05602703	     19.43990050	     11.61416460	    -26.42404943	     -0.89149299	     -3.67666528
      0.19500000	      1.02473317	     -5.23884824	    -87.91133012	      0.94323933	      0.73534385	     -0.85888030	     28.50505009	    -31.52814101	     14.28829799	    -62.54075122	      0.00000000	      0.00000000	     14.64220044	      3.28196303	      1.27782940	     51.04638089	    -22.82571058	      9.26983548	   -106.07484727	      0.00000000	      0.00000000	    -12.06605741	     23.85292050	     12.73539086	    -26.71615399	     -1.70132532	     -2.34817115
      0.20000000	      1.35454825	     -5.09269437	    -87.97239234	      0.94498791	      0.73423846	     -0.84442982	     27.63981367	    -32.34051583	     13.93564706	    -62.54684470	      0.00000000	      0.00000000	     15.14085262	      3.29416465	      1.55462320	     51.69486596	    -22.70939271	      8.76861406	   -106.70438841	      0.00000000	      0.00000000	    -12.09258749	     25.17168435	     13.11739125	    -26.71462102	     -2.40155440	     -0.58914281
      0.20500000	      1.68094713	     -4.96136464	    -88.19508427	      0.94647567	      0.73331800	     -0.82975093	     26.74669689	    -32.99464391	     13.77646147	    -62.46585140	      0.00000000	      0.00000000	     15.81303196	      3.21999646	      1.86141675	     52.23233448	    -22.88256524	      7.86669090	   -107.16722863	      0.00000000	      0.00000000	    -12.07580209	     26.01555767	     13.50444143	    -26.68755805	     -3.16314631	      0.85295004
      0.21000000	      2.62838680	     -4.95116991	    -89.11772920	      0.94673774	      0.73294262	     -0.81536052	     26.46235619	    -33.80488770	     15.06360376	    -62.38256401	      0.00000000	      0.00000000	     16.26903616	      3.20785883	      3.13650648	     51.97893309	    -23.33577563	      5.46418322	   -107.34736276	      0.00000000	      0.00000000	    -11.80399776	     24.99961581	     15.08413512	    -26.79008354	     -4.93701166	      2.65859198
      0.21500000	      2.95046192	     -4.68739027	    -89.45191658	      0.94820914	      0.73222114	     -0.80065054	     25.59922163	    -34.29765564	     15.08287276	    -62.05642813	      0.00000000	      0.00000000	     16.96602443	      2.59293170	      3.34126781	     52.62417973	    -23.73023302	      4.07966773	   -107.61363006	      0.00000000	      0.00000000	    -11.08283026	     23.34263914	     15.34336727	    -26.55941081	     -5.78714544	      4.26164732
      0.22000000	      3.79188305	     -4.42287894	    -90.52656459	      0.94861801	      0.73185412	     -0.78623136	     25.54567188	    -34.84219705	     16.53154402	    -61.74047185	      0.00000000	      0.00000000	     17.07726114	      1.75968328	      3.67578646	     52.65496332	    -24.49032535	      1.34039742	   -107.67092530	      0.00000000	      0.00000000	    -10.30779012	     19.87539723	     15.79479282	    -26.29545105	     -7.50543136	      5.98932947
      0.22500000	      4.12777154	     -4.05701507	    -90.97165596	      0.95080572	      0.73149424	     -0.77178796	     24.74104864	    -35.27293470	     16.76694087	    -61.09192163	      0.00000000	      0.00000000	     17.42629491	      0.91333222	      3.72714917	     53.32191758	    -24.96530807	     -0.30626112	   -107.77899739	      0.00000000	      0.00000000	     -8.78931498	     17.55665979	     15.85743241	    -25.90992729	     -8.38089862	      7.22324036
      0.23000000	      4.88152419	     -3.63655643	    -91.88022603	      0.95261490	      0.73160843	     -0.75780102	     24.62540700	    -35.86917850	     17.92085995	    -60.41068281	      0.00000000	      0.00000000	     17.11819438	     -0.15639660	      3.69104599	     53.57564607	    -25.57839383	     -2.87723608	   -107.52263228	      0.00000000	      0.00000000	     -7.79301316	     14.45591576	     15.60790747	    -25.48460709	     -9.86718382	      8.76323624
      0.23500000	      5.36543094	     -3.26355956	    -92.37863630	      0.95573183	      0.73229111	     -0.74353618	     23.79787270	    -36.48941992	     18.20295683	    -59.35605921	      0.00000000	      0.00000000	     16.80195977	     -1.15805880	      3.62323650	     54.01009370	    -26.00329528	     -4.73775674	   -107.17633775	      0.00000000	      0.00000000	     -6.60201243	     12.66129659	     15.30798684	    -25.11089219	    -10.84592969	     10.05780524
      0.24000000	      5.88644294	     -2.88239217	    -92.83031451	      0.95952961	      0.73299945	     -0.72919778	     22.93839001	    -37.24983098	     18.40163420	    -58.16695372	      0.00000000	      0.00000000	     16.30589609	     -2.11339508	      3.50602204	     54.43504346	    -26.32443475	     -6.55899484	   -106.74863590	      0.00000000	      0.00000000	     -5.34310533	     11.24746086	     15.05634246	    -24.72845176	    -11.80816599	     11.21934063
      0.24500000	      6.37395171	     -2.47171528	    -93.16405476	      0.96382357	      0.73389886	     -0.71483820	     21.93821113	    -38.01462697	     18.43025403	    -56.87001342	      0.00000000	      0.00000000	     15.55714486	     -3.20736882	      3.34293668	     54.94431367	    -26.60716845	     -8.19712873	   -106.16387431	      0.00000000	      0.00000000	     -4.37427159	     10.29414227	     14.42316259	    -24.30401550	    -12.69490758	     12.32847674
      0.25000000	      6.64932893	     -1.89317339	    -93.28034937	      0.96869403	      0.73447945	     -0.70004266	     20.78678360	    -38.72461822	     17.87350654	    -55.49963248	      0.00000000	      0.00000000	     14.91920094	     -3.85122882	      3.24637189	     55.83306816	    -26.85975044	     -9.29299493	   -105.55137320	      0.00000000	      0.00000000	     -3.56987987	     10.02325781	     14.30467868	    -23.65507370	    -13.26959601	     13.46213889
      0.25500000	      6.97288030	     -1.30706393	    -93.33698464	      0.97381690	      0.73528026	     -0.68527962	     19.56433532	    -39.47515993	     17.25057981	    -54.02658379	      0.00000000	      0.00000000	     13.87769202	     -4.92623959	      3.06708109	     56.66771805	    -27.00499023	    -10.37999352	   -104.78812055	      0.00000000	      0.00000000	     -2.51682415	      9.69417608	     14.12737601	    -23.03115152	    -13.89396276	     14.28030595
      0.26000000	      7.32005526	     -0.75141461	    -93.26716430	      0.97937296	      0.73618630	     -0.67028518	     18.14941806	    -40.31524715	     16.39058361	    -52.49994643	      0.00000000	      0.00000000	     12.67769144	     -5.91757609	      2.84931853	     57.45455598	    -27.05047777	    -11.38100912	   -103.89914780	      0.00000000	      0.00000000	     -1.67118601	      9.55504396	     13.92186054	    -22.43619308	    -14.50423257	     14.96349486
      0.26500000	      7.56561479	     -0.40524844	    -92.83906110	      0.98584052	      0.73779552	     -0.65514429	     15.87735418	    -41.16617016	     14.82361041	    -50.64026505	      0.00000000	      0.00000000	     11.27790747	     -7.30860891	      2.46341810	     58.11512306	    -26.80197399	    -12.07965925	   -102.87446326	      0.00000000	      0.00000000	     -0.94337815	      9.36318385	     13.19956148	    -22.15603394	    -14.89225862	     15.31531125
      0.27000000	      7.76956647	      0.05294087	    -92.42291025	      0.99248962	      0.73920940	     -0.63979045	     13.65046578	    -41.96832694	     13.10264392	    -48.71513943	      0.00000000	      0.00000000	      9.81450185	     -8.20511919	      2.11851806	     58.84294296	    -26.61469567	    -12.77044910	   -101.77244175	      0.00000000	      0.00000000	     -0.13765061	      9.11639982	     12.64007401	    -21.71604355	    -15.27325308	     15.83665151
      0.27500000	      7.99374589	      0.63977685	    -92.02742355	      0.99929448	      0.74048444	     -0.62428070	     11.48696355	    -42.70830822	     11.38717475	    -46.72113063	      0.00000000	      0.00000000	      8.17965388	     -9.11853571	      1.77018671	     59.61613082	    -26.45564523	    -13.51235425	   -100.49677087	      0.00000000	      0.00000000	      0.55572596	      8.80754178	     12.38874173	    -21.11101606	    -15.70449581	     16.41937759
      0.28000000	      8.09991061	      1.40857281	    -91.89457355	      1.00581357	      0.74131954	     -0.60877873	      9.79273095	    -43.21499836	     10.01607026	    -44.80767926	      0.00000000	      0.00000000	      6.69409352	     -9.46772913	      1.53356557	     60.51186004	    -26.67346220	    -14.34033726	    -99.19360904	      0.00000000	      0.00000000	      1.10914543	      8.46506968	     12.31021239	    -20.20288837	    -16.15422774	     17.68297830
      0.28500000	      8.08344225	      1.65403289	    -90.72045800	      1.01447692	      0.74351554	     -0.59295186	      5.86402524	    -43.78017711	      6.55052392	    -42.11216198	      0.00000000	      0.00000000	      4.47311212	    -10.71135822	      0.90211447	     61.14661167	    -25.87991594	    -14.51121549	    -97.69202926	      0.00000000	      0.00000000	      1.64689284	      7.59357260	     11.66311258	    -20.17872847	    -16.14640003	     17.83095904
      0.29000000	      8.36608374	      2.23761755	    -90.00166612	      1.02229275	      0.74512525	     -0.57701387	      2.93150871	    -44.41603130	      3.94944235	    -39.66001201	      0.00000000	      0.00000000	      2.19021115	    -11.58509561	      0.42745928	     61.70954447	    -25.36700532	    -15.36153062	    -96.02090357	      0.00000000	      0.00000000	      2.08091289	      6.43138161	     11.24591432	    -19.65919999	    -16.64534157	     17.96013761
      0.29500000	      8.68302118	      3.11453907	    -89.45283633	      1.02999148	      0.74623436	     -0.56101895	      0.52417774	    -44.94636819	      1.69712786	    -37.25521628	      0.00000000	      0.00000000	     -0.43243693	    -12.75603178	     -0.01815920	     62.39993667	    -24.97553108	    -16.39350014	    -94.20026468	      0.00000000	      0.00000000	      2.55276075	      5.17817775	     11.03633094	    -18.74771321	    -17.29163086	     18.29102530
      0.30000000	      8.91586742	      3.62493224	    -88.34946958	      1.03874925	      0.74818914	     -0.54456935	     -3.26777786	    -45.30281164	     -1.91340268	    -34.40938766	      0.00000000	      0.00000000	     -3.27702298	    -13.64037117	     -0.51334728	     62.78158474	    -24.13615429	    -17.20583869	    -92.25833742	      0.00000000	      0.00000000	      2.89577902	      3.51866933	     10.60937721	    -18.39972867	    -17.70058864	     18.06367501
      0.30500000	      9.19777163	      4.23067341	    -87.45772916	      1.04738204	      0.74992751	     -0.52815754	     -6.59279197	    -45.54222289	     -5.13495069	    -31.71989178	      0.00000000	      0.00000000	     -6.36431368	    -14.67474915	     -1.12534199	     63.04609259	    -23.43600489	    -18.24822006	    -90.19321992	      0.00000000	      0.00000000	      3.33925322	      1.90227767	     10.21141918	    -17.90594855	    -18.27440593	     18.06967329
      0.31000000	      9.55218598	      5.23407678	    -86.88588043	      1.05561444	      0.75096328	     -0.51178561	     -8.84005024	    -45.77204914	     -7.60594203	    -29.38647146	      0.00000000	      0.00000000	     -9.84678765	    -16.08024163	     -1.81754550	     63.47946736	    -22.99352317	    -19.63643552	    -88.04252567	      0.00000000	      0.00000000	      4.02118277	      0.43476993	      9.97054276	    -16.88561308	    -19.08812112	     18.23293184
      0.31500000	      9.83670954	      5.39394740	    -85.53215589	      1.06483514	      0.75360575	     -0.49486435	    -13.27269320	    -45.61148713	    -12.11974897	    -26.47063315	      0.00000000	      0.00000000	    -13.46775653	    -17.10278128	     -3.32086772	     63.15764954	    -21.89142950	    -20.61572213	    -85.80889849	      0.00000000	      0.00000000	      4.45967348	     -1.43165267	      9.50845451	    -17.06796774	    -19.62480325	     17.76247984
      0.32000000	     10.12136913	      5.91187477	    -84.65230555	      1.07347659	      0.75564598	     -0.47818372	    -16.24947766	    -45.35570873	    -15.22947777	    -24.12547438	      0.00000000	      0.00000000	    -17.42957543	    -18.66292718	     -4.90336414	     62.95746950	    -21.20142566	    -21.85386182	    -83.56523027	      0.00000000	      0.00000000	      5.29908783	     -2.67496160	      9.09173493	    -16.74079016	    -20.34204451	     17.63476574
      0.32500000	     10.40264874	      6.66833406	    -83.79262574	      1.08206201	      0.75717532	     -0.46155944	    -18.59707404	    -45.04105015	    -17.95130478	    -22.21295335	      0.00000000	      0.00000000	    -21.15839733	    -20.35325739	     -6.45078475	     62.91646554	    -20.44937952	    -23.09553536	    -81.26177655	      0.00000000	      0.00000000	      6.25929093	     -3.64659786	      8.88033518	    -16.16594534	    -21.15413144	     17.61724118
      0.33000000	     10.59752633	      7.10098669	    -82.61752755	      1.09104369	      0.75918225	     -0.44494981	    -21.37856679	    -44.37606444	    -20.94256421	    -20.53633779	      0.00000000	      0.00000000	    -23.96634647	    -21.31640375	    -11.17584743	     62.59678635	    -19.44094336	    -24.02047772	    -79.04391530	      0.00000000	      0.00000000	      7.30978736	     -4.14700152	      8.69364129	    -16.09332746	    -21.76434361	     17.10278166
      0.33500000	     10.68287454	      8.01343173	    -81.83970120	      1.09959781	      0.76025684	     -0.42885557	    -22.43863074	    -43.82060843	    -22.16037357	    -19.88164524	      0.00000000	      0.00000000	    -26.38856749	    -22.40841152	    -11.77423763	     62.68999583	    -18.73784247	    -25.01551168	    -76.85549339	      0.00000000	      0.00000000	      8.33997034	     -4.32578194	      8.75927664	    -15.36284520	    -22.45173253	     17.11795151
      0.34000000	     10.57087519	      8.78575592	    -81.05905349	      1.10809944	      0.76130258	     -0.41291753	    -23.10969011	    -43.05886224	    -22.46697611	    -19.93703818	      0.00000000	      0.00000000	    -28.05612073	    -22.53989190	    -12.23224359	     62.70510697	    -18.09563463	    -25.76700023	    -74.81836057	      0.00000000	      0.00000000	      9.54747722	     -4.29568609	      8.88888833	    -14.76728595	    -22.91550683	     17.15441112
      0.34500000	     10.36971396	      9.35632397	    -80.27685277	      1.11649312	      0.76267274	     -0.39768580	    -23.48037321	    -42.14657423	    -21.73251555	    -20.68843937	      0.00000000	      0.00000000	    -28.96691905	    -22.10968349	    -12.32226668	     62.55964954	    -17.38983808	    -26.19537423	    -72.80254214	      0.00000000	      0.00000000	     10.17462340	     -4.16578450	      8.96020995	    -14.48194967	    -23.25044174	     17.17818665
      0.35000000	     10.20821305	     10.46166059	    -79.68152996	      1.12486779	      0.76310674	     -0.38237141	    -22.73185414	    -41.48576209	    -20.04199436	    -22.24281708	      0.00000000	      0.00000000	    -29.73078071	    -20.20405538	    -11.94371429	     62.71729212	    -16.73073703	    -26.92390665	    -70.82273746	      0.00000000	      0.00000000	     11.09110358	     -3.49738491	      9.38981292	    -13.51077800	    -23.75633255	     16.87455451
      0.35500000	      9.75868596	     11.13992324	    -79.03781800	      1.13298131	      0.76407174	     -0.36730938	    -21.97746562	    -40.40599062	    -17.79871685	    -24.22862364	      0.00000000	      0.00000000	    -29.35932734	    -17.04327375	    -10.48180040	     62.58432342	    -16.22791357	    -27.29343075	    -69.03892680	      0.00000000	      0.00000000	     11.61610414	     -3.13132579	      9.61487570	    -12.99741584	    -23.87503719	     16.69232052
      0.36000000	      9.22894727	     12.11491353	    -78.51446812	      1.14098108	      0.76439799	     -0.35233533	    -20.39880263	    -39.33937505	    -15.13203698	    -26.72122743	      0.00000000	      0.00000000	    -29.63036490	    -13.39626491	     -2.83897471	     62.67883449	    -15.78772026	    -27.66303931	    -67.35266191	      0.00000000	      0.00000000	     11.81830044	     -2.88191532	     10.58827765	    -12.04091219	    -24.02646444	     16.88893600
      0.36500000	      8.65256114	     12.80286909	    -77.81396636	      1.14911320	      0.76509140	     -0.33725471	    -19.03556193	    -38.01135204	    -12.80582751	    -29.49287827	      0.00000000	      0.00000000	    -29.43575353	     -9.63973534	     -0.98159808	     62.45153661	    -15.23396719	    -27.88826375	    -65.81651356	      0.00000000	      0.00000000	     11.94189580	     -2.53504688	     10.60231722	    -11.47966155	    -24.01879960	     16.58100518
      0.37000000	      8.09290125	     12.89699400	    -76.90602529	      1.15745528	      0.76658937	     -0.32191432	    -18.44235603	    -36.40503662	    -11.20504527	    -32.17155081	      0.00000000	      0.00000000	    -29.81441594	     -7.10992833	     -0.22422201	     61.56504888	    -14.59774952	    -28.05322414	    -64.48154389	      0.00000000	      0.00000000	     12.11194611	     -2.36767334	     10.59929429	    -11.68143628	    -23.83423736	     15.97253639
      0.37500000	      7.45315350	     13.42168767	    -76.13746830	      1.16588515	      0.76686829	     -0.30674095	    -16.91904053	    -34.97373757	     -9.82586734	    -35.45069096	      0.00000000	      0.00000000	    -29.93617192	     -5.14297111	      4.51903967	     61.09915185	    -14.00986969	    -28.15483544	    -63.31130225	      0.00000000	      0.00000000	     12.19085028	     -2.16599007	     10.61598728	    -11.25530891	    -23.69018749	     15.84856788
      0.38000000	      7.07252958	     13.40309511	    -75.17508603	      1.17465652	      0.76809020	     -0.29136685	    -16.33583750	    -33.52733134	     -9.22938343	    -38.56765255	      0.00000000	      0.00000000	    -29.98975366	     -4.27381901	      4.80400792	     59.84865153	    -13.15815619	    -28.38091199	    -62.17173649	      0.00000000	      0.00000000	     12.18503654	     -2.06415789	     10.58110004	    -11.64635828	    -23.58444321	     15.05338573
      0.38500000	      6.84010673	     13.40126152	    -74.25326033	      1.18348290	      0.76909384	     -0.27583490	    -15.73969413	    -32.24530776	     -8.94119988	    -41.78819677	      0.00000000	      0.00000000	    -29.85074626	     -4.21844216	      4.96245712	     58.41260817	    -12.20764533	    -28.68149964	    -61.03673368	      0.00000000	      0.00000000	     12.21397711	     -1.99425311	     10.55738111	    -12.05065280	    -23.63737218	     14.23131618
      0.39000000	      6.63374886	     13.30408462	    -73.25356722	      1.19266110	      0.77003839	     -0.26039844	    -15.23452348	    -31.03189713	     -9.10015703	    -45.13104514	      0.00000000	      0.00000000	    -29.36528119	     -4.75304968	      5.03278322	     56.84001832	    -11.16652322	    -28.86528984	    -59.97264596	      0.00000000	      0.00000000	     11.70510884	     -2.26469089	     10.59763213	    -12.60412061	    -23.62471984	     13.34623591
      0.39500000	      6.39834344	     13.13914464	    -71.86771616	      1.20259813	      0.77087862	     -0.24533710	    -15.01812951	    -29.76098535	     -9.92222788	    -48.38473583	      0.00000000	      0.00000000	    -28.91857286	     -5.71172365	      4.51941388	     55.40703025	     -9.68826403	    -28.43808124	    -59.04408658	      0.00000000	      0.00000000	     10.35624381	     -4.00156441	     11.01985199	    -13.37404357	    -23.41848347	     11.97462419
      0.40000000	      6.12272040	     13.05387812	    -70.54666267	      1.21260804	      0.77133133	     -0.23044229	    -14.50690988	    -28.61509827	    -10.76933769	    -51.78564765	      0.00000000	      0.00000000	    -28.28114977	     -6.94934772	      3.66778950	     54.20131880	     -8.41901648	    -28.14611386	    -58.77358764	      0.00000000	      0.00000000	     12.06186683	     -4.67425428	     10.07704502	    -13.98734633	    -23.16229204	     10.71668986
      0.40500000	      6.01078504	     13.07362721	    -69.47404209	      1.22230383	      0.77155538	     -0.21592230	    -13.66785635	    -27.86257257	    -11.37883211	    -55.31926328	      0.00000000	      0.00000000	    -27.42378620	     -7.81980965	      3.57634113	     53.25241343	     -7.25367151	    -27.97896148	    -59.22649997	      0.00000000	      0.00000000	     15.64168070	     -5.56101169	     10.43269876	    -14.53145830	    -23.11746664	      9.50530644
      0.41000000	      5.22960412	     12.99031911	    -67.43567477	      1.23286534	      0.77124745	     -0.20206000	    -13.10490418	    -26.21968440	    -12.93122791	    -58.60493882	      0.00000000	      0.00000000	    -26.42581445	     -9.32429045	      2.38253113	     53.45090589	     -6.21678493	    -26.22397186	    -60.85224536	      0.00000000	      0.00000000	     17.27763065	     -7.06386114	     10.34005826	    -15.14011147	    -22.15079187	      7.49798825
      0.41500000	      4.73443470	     12.90808743	    -65.81983440	      1.24274488	      0.77120333	     -0.18823914	    -12.28862962	    -24.92977619	    -13.91764152	    -61.92949894	      0.00000000	      0.00000000	    -25.12360302	    -10.58770705	      1.28171791	     53.44291427	     -5.50528464	    -24.85175391	    -62.42569457	      0.00000000	      0.00000000	     17.41073394	     -7.93265047	      8.86934946	    -15.75993743	    -21.53689894	      5.82237710
      0.42000000	      4.78617329	     12.82098431	    -64.76215426	      1.25162435	      0.77174318	     -0.17402778	    -11.41814296	    -24.31128869	    -14.52156916	    -65.26296752	      0.00000000	      0.00000000	    -23.50010402	    -11.66249697	      1.05675859	     52.95288018	     -4.85269998	    -24.11416425	    -63.82676725	      0.00000000	      0.00000000	     18.10116441	     -7.42382763	      8.65694381	    -16.53616419	    -21.58012093	      4.47240245
      0.42500000	      4.39905656	     12.69419950	    -62.94510833	      1.26139426	      0.77211467	     -0.16059752	    -10.66478087	    -23.11707062	    -15.74646755	    -68.31147693	      0.00000000	      0.00000000	    -22.17489488	    -12.62165829	     -0.70403361	     52.82242537	     -3.90421444	    -22.47426008	    -65.29677746	      0.00000000	      0.00000000	     19.01727234	     -6.56796231	      7.47022727	    -17.34232189	    -20.96006671	      2.61071570
      0.43000000	      4.54159991	     12.80899762	    -61.64718082	      1.27054296	      0.77277082	     -0.14703523	     -9.57429745	    -22.70310167	    -16.48774748	    -71.50788432	      0.00000000	      0.00000000	    -20.36256918	    -13.33966116	     -3.29982829	     52.26281148	     -2.86569661	    -21.73134380	    -66.29374592	      0.00000000	      0.00000000	     19.97483360	     -6.01654177	      5.47340495	    -18.11803179	    -21.05364234	      0.99195895
      0.43500000	      4.85311190	     12.98976380	    -60.51169820	      1.27960528	      0.77364023	     -0.13356560	     -8.30548167	    -22.54453077	    -16.96048956	    -74.66903118	      0.00000000	      0.00000000	    -18.89501588	    -13.81768386	     -3.24456006	     51.48550725	     -1.74495763	    -21.23709928	    -66.99245704	      0.00000000	      0.00000000	     20.96046231	     -5.71113389	      5.55952230	    -18.92650328	    -21.32134192	     -0.59856272
